16000057
16000079
16000081
16000097
16000121
16000129
16000133
16000183
16000189
16000207
16000211
16000253
16000277
16000289
16000307
16000321
16000339
16000381
16000393
16000399
16000403
16000409
16000447
16000463
16000477
16000487
16000499
16000507
16000511
16000573
16000609
16000627
16000667
16000669
16000693
16000697
16000711
16000729
16000759
16000769
16000781
16000799
16000813
16000819
16000841
16000877
16000879
16000889
16000903
16000921
16000937
16000967
16000973
16000979
16000981
16000987
16001081
16001107
16001113
16001119
16001129
16001143
16001159
16001171
16001201
16001207
16001231
16001269
16001281
16001299
16001303
16001333
16001351
16001383
16001387
16001393
16001413
16001423
16001429
16001431
16001441
16001443
16001467
16001497
16001551
16001593
16001599
16001659
16001663
16001681
16001683
16001693
16001701
16001729
16001747
16001753
16001801
16001809
16001827
16001831
16001851
16001863
16001893
16001897
16001899
16001903
16001959
16001969
16002001
16002017
16002031
16002037
16002059
16002061
16002067
16002101
16002109
16002163
16002179
16002211
16002221
16002263
16002271
16002277
16002281
16002299
16002323
16002331
16002377
16002379
16002383
16002397
16002401
16002433
16002439
16002443
16002473
16002499
16002509
16002521
16002529
16002533
16002551
16002563
16002583
16002589
16002601
16002643
16002647
16002659
16002671
16002677
16002683
16002709
16002713
16002737
16002757
16002773
16002787
16002799
16002803
16002863
16002887
16002893
16002919
16002929
16002937
16002949
16002953
16002971
16002977
16002991
16003021
16003061
16003067
16003081
16003087
16003093
16003153
16003159
16003217
16003237
16003303
16003319
16003327
16003333
16003343
16003369
16003387
16003391
16003441
16003457
16003459
16003501
16003523
16003531
16003541
16003549
16003597
16003609
16003619
16003633
16003639
16003649
16003661
16003667
16003703
16003709
16003723
16003733
16003747
16003751
16003759
16003763
16003787
16003789
16003859
16003903
16003907
16003913
16003921
16003931
16003937
16003957
16003963
16003973
16003991
16003997
16004047
16004059
16004101
16004119
16004129
16004147
16004167
16004171
16004179
16004189
16004207
16004273
16004279
16004291
16004347
16004353
16004369
16004381
16004383
16004411
16004419
16004431
16004437
16004453
16004459
16004489
16004501
16004507
16004533
16004551
16004567
16004617
16004621
16004647
16004657
16004671
16004687
16004713
16004717
16004731
16004741
16004743
16004761
16004789
16004809
16004819
16004851
16004869
16004873
16004899
16004909
16004929
16004951
16004969
16004977
16004999
16005001
16005019
16005023
16005029
16005037
16005043
16005091
16005131
16005151
16005169
16005173
16005181
16005191
16005193
16005221
16005229
16005257
16005259
16005271
16005281
16005289
16005307
16005329
16005377
16005383
16005389
16005413
16005421
16005443
16005463
16005481
16005499
16005529
16005541
16005553
16005557
16005559
16005569
16005599
16005611
16005617
16005623
16005673
16005707
16005739
16005749
16005751
16005757
16005763
16005779
16005797
16005811
16005839
16005853
16005859
16005863
16005877
16005893
16005901
16005911
16005919
16005929
16005931
16005943
16005967
16006009
16006021
16006049
16006087
16006103
16006117
16006139
16006147
16006157
16006171
16006181
16006201
16006213
16006259
16006283
16006313
16006343
16006349
16006351
16006357
16006421
16006429
16006439
16006457
16006483
16006499
16006513
16006517
16006519
16006553
16006559
16006591
16006609
16006631
16006651
16006657
16006663
16006667
16006703
16006709
16006723
16006729
16006787
16006801
16006807
16006813
16006847
16006853
16006937
16006951
16006967
16006973
16006981
16006993
16006997
16007003
16007009
16007027
16007029
16007039
16007041
16007083
16007087
16007107
16007111
16007143
16007153
16007209
16007237
16007239
16007263
16007267
16007279
16007311
16007317
16007323
16007357
16007363
16007393
16007399
16007417
16007419
16007423
16007441
16007473
16007477
16007483
16007527
16007531
16007543
16007561
16007581
16007587
16007597
16007603
16007627
16007639
16007647
16007669
16007737
16007743
16007767
16007773
16007809
16007819
16007833
16007843
16007869
16007879
16007891
16007909
16007923
16007947
16007983
16007989
16007993
16008001
16008011
16008019
16008037
16008049
16008071
16008137
16008143
16008193
16008199
16008211
16008217
16008221
16008229
16008233
16008263
16008269
16008287
16008347
16008353
16008361
16008379
16008403
16008449
16008451
16008463
16008467
16008479
16008497
16008523
16008533
16008539
16008541
16008557
16008563
16008571
16008613
16008631
16008637
16008649
16008673
16008677
16008683
16008743
16008749
16008763
16008799
16008821
16008833
16008847
16008859
16008919
16008931
16008961
16008991
16009033
16009043
16009057
16009061
16009099
16009109
16009111
16009139
16009141
16009159
16009163
16009177
16009193
16009211
16009241
16009249
16009261
16009277
16009297
16009303
16009307
16009313
16009319
16009321
16009327
16009333
16009337
16009349
16009369
16009387
16009391
16009397
16009471
16009489
16009507
16009517
16009519
16009523
16009531
16009549
16009561
16009573
16009579
16009589
16009613
16009649
16009681
16009687
16009729
16009739
16009759
16009781
16009823
16009831
16009841
16009853
16009879
16009907
16009927
16009963
16010009
16010017
16010021
16010041
16010051
16010053
16010087
16010101
16010153
16010171
16010177
16010191
16010207
16010227
16010237
16010249
16010251
16010261
16010273
16010317
16010327
16010333
16010341
16010347
16010359
16010411
16010431
16010443
16010453
16010471
16010473
16010479
16010513
16010543
16010551
16010563
16010567
16010573
16010587
16010593
16010627
16010641
16010647
16010699
16010707
16010741
16010747
16010759
16010767
16010773
16010777
16010803
16010807
16010809
16010831
16010861
16010867
16010873
16010881
16010893
16010903
16010941
16010989
16010999
16011029
16011031
16011049
16011071
16011077
16011113
16011131
16011133
16011143
16011169
16011181
16011199
16011209
16011211
16011223
16011251
16011257
16011293
16011301
16011311
16011329
16011383
16011397
16011419
16011421
16011449
16011461
16011481
16011487
16011503
16011511
16011517
16011521
16011553
16011557
16011559
16011577
16011581
16011679
16011701
16011731
16011733
16011757
16011763
16011769
16011791
16011811
16011823
16011847
16011911
16011917
16011923
16011937
16011971
16011997
16012037
16012049
16012063
16012093
16012097
16012109
16012121
16012153
16012159
16012169
16012189
16012207
16012219
16012247
16012253
16012259
16012279
16012291
16012309
16012313
16012319
16012349
16012363
16012369
16012391
16012429
16012441
16012463
16012471
16012481
16012499
16012501
16012511
16012637
16012643
16012651
16012679
16012681
16012693
16012699
16012721
16012723
16012741
16012753
16012757
16012781
16012783
16012811
16012819
16012859
16012873
16012879
16012883
16012903
16012907
16012921
16012937
16012949
16012951
16012967
16012973
16012981
16012987
16012993
16012999
16013003
16013021
16013033
16013057
16013069
16013077
16013087
16013113
16013141
16013149
16013159
16013177
16013183
16013189
16013197
16013209
16013213
16013227
16013237
16013279
16013287
16013321
16013351
16013357
16013363
16013377
16013381
16013383
16013401
16013419
16013441
16013443
16013461
16013479
16013483
16013509
16013521
16013531
16013533
16013567
16013611
16013623
16013653
16013663
16013687
16013689
16013693
16013731
16013743
16013747
16013749
16013801
16013831
16013861
16013867
16013869
16013873
16013891
16013917
16013923
16013929
16013939
16013951
16013969
16013971
16013999
16014023
16014029
16014043
16014071
16014077
16014113
16014133
16014143
16014151
16014161
16014179
16014181
16014191
16014211
16014217
16014223
16014239
16014253
16014277
16014331
16014343
16014347
16014367
16014373
16014403
16014413
16014421
16014431
16014443
16014461
16014497
16014499
16014529
16014539
16014613
16014617
16014637
16014659
16014709
16014727
16014743
16014751
16014763
16014769
16014787
16014829
16014871
16014883
16014907
16014937
16014953
16014961
16014979
16014983
16014997
16015007
16015009
16015057
16015067
16015073
16015079
16015093
16015141
16015147
16015177
16015183
16015187
16015193
16015217
16015229
16015231
16015243
16015273
16015277
16015289
16015301
16015303
16015319
16015331
16015357
16015361
16015409
16015427
16015471
16015507
16015523
16015553
16015577
16015583
16015619
16015669
16015679
16015687
16015691
16015723
16015771
16015777
16015781
16015793
16015799
16015807
16015837
16015847
16015919
16015939
16015949
16015957
16015973
16015999
16016009
16016029
16016051
16016053
16016071
16016087
16016093
16016111
16016113
16016177
16016179
16016197
16016201
16016213
16016219
16016233
16016239
16016249
16016263
16016267
16016269
16016311
16016321
16016327
16016333
16016359
16016369
16016387
16016389
16016401
16016423
16016443
16016447
16016459
16016461
16016471
16016503
16016521
16016531
16016549
16016557
16016591
16016621
16016629
16016633
16016647
16016659
16016701
16016731
16016743
16016747
16016779
16016797
16016813
16016837
16016879
16016899
16016927
16016929
16016933
16016939
16016999
16017007
16017017
16017031
16017037
16017047
16017061
16017073
16017097
16017107
16017167
16017187
16017191
16017203
16017217
16017229
16017259
16017277
16017293
16017299
16017301
16017307
16017317
16017341
16017343
16017373
16017377
16017389
16017403
16017409
16017413
16017439
16017467
16017481
16017493
16017527
16017539
16017569
16017571
16017577
16017581
16017601
16017613
16017619
16017641
16017653
16017679
16017697
16017751
16017761
16017767
16017769
16017797
16017809
16017823
16017857
16017871
16017899
16017907
16017923
16017941
16017971
16017977
16018001
16018021
16018027
16018043
16018091
16018127
16018133
16018141
16018147
16018153
16018157
16018181
16018183
16018193
16018201
16018207
16018229
16018241
16018259
16018279
16018283
16018363
16018391
16018393
16018433
16018439
16018459
16018477
16018481
16018507
16018529
16018571
16018579
16018591
16018619
16018627
16018679
16018693
16018697
16018721
16018733
16018753
16018757
16018781
16018801
16018813
16018819
16018837
16018859
16018861
16018883
16018907
16018927
16018931
16018943
16018969
16018997
16019011
16019023
16019051
16019093
16019099
16019111
16019123
16019131
16019161
16019167
16019173
16019191
16019203
16019207
16019209
16019239
16019243
16019257
16019309
16019317
16019327
16019329
16019351
16019357
16019359
16019363
16019369
16019387
16019401
16019411
16019417
16019429
16019447
16019459
16019461
16019473
16019519
16019533
16019537
16019539
16019587
16019599
16019609
16019639
16019669
16019677
16019681
16019713
16019723
16019749
16019761
16019771
16019789
16019791
16019819
16019827
16019837
16019849
16019867
16019879
16019909
16019929
16019947
16019957
16019959
16019981
16019987
16019999
16020007
16020023
16020031
16020041
16020061
16020083
16020113
16020127
16020131
16020133
16020157
16020163
16020197
16020203
16020233
16020241
16020253
16020271
16020281
16020293
16020337
16020359
16020413
16020419
16020421
16020449
16020457
16020461
16020479
16020481
16020503
16020523
16020527
16020533
16020559
16020569
16020601
16020607
16020619
16020637
16020649
16020671
16020691
16020703
16020713
16020733
16020757
16020761
16020773
16020779
16020803
16020827
16020841
16020869
16020877
16020881
16020911
16020931
16020943
16020967
16020997
16021013
16021039
16021043
16021063
16021067
16021073
16021097
16021099
16021127
16021129
16021139
16021151
16021163
16021193
16021231
16021261
16021267
16021277
16021289
16021297
16021301
16021321
16021331
16021339
16021367
16021381
16021387
16021399
16021417
16021457
16021459
16021483
16021487
16021493
16021517
16021519
16021549
16021561
16021567
16021571
16021591
16021597
16021609
16021613
16021651
16021669
16021673
16021679
16021751
16021771
16021829
16021849
16021861
16021867
16021879
16021897
16021903
16021919
16021927
16021937
16021969
16021987
16022003
16022029
16022051
16022057
16022063
16022081
16022093
16022107
16022117
16022129
16022137
16022189
16022197
16022203
16022213
16022219
16022243
16022249
16022261
16022269
16022309
16022311
16022323
16022387
16022389
16022393
16022399
16022401
16022429
16022437
16022507
16022509
16022527
16022549
16022563
16022579
16022593
16022597
16022623
16022639
16022659
16022683
16022693
16022767
16022779
16022791
16022821
16022837
16022869
16022893
16022899
16022933
16022953
16022957
16022971
16023011
16023037
16023079
16023083
16023089
16023097
16023101
16023103
16023107
16023113
16023127
16023173
16023191
16023199
16023221
16023223
16023229
16023239
16023253
16023323
16023349
16023353
16023361
16023407
16023431
16023451
16023461
16023473
16023481
16023487
16023499
16023509
16023521
16023533
16023547
16023583
16023611
16023613
16023647
16023659
16023671
16023677
16023691
16023727
16023767
16023769
16023773
16023793
16023797
16023803
16023811
16023823
16023841
16023853
16023857
16023871
16023881
16023937
16023947
16023961
16023977
16023991
16024003
16024007
16024009
16024027
16024067
16024093
16024097
16024103
16024121
16024139
16024147
16024181
16024237
16024243
16024247
16024279
16024291
16024297
16024301
16024339
16024343
16024363
16024373
16024381
16024451
16024469
16024483
16024493
16024507
16024511
16024553
16024579
16024607
16024621
16024651
16024699
16024739
16024759
16024763
16024769
16024777
16024783
16024787
16024793
16024823
16024831
16024867
16024889
16024901
16024909
16024919
16024927
16024937
16024949
16024991
16025017
16025039
16025057
16025083
16025117
16025129
16025131
16025143
16025159
16025161
16025173
16025209
16025221
16025263
16025297
16025309
16025323
16025327
16025351
16025353
16025381
16025389
16025393
16025413
16025431
16025437
16025453
16025483
16025491
16025533
16025587
16025591
16025593
16025609
16025651
16025657
16025677
16025689
16025693
16025701
16025717
16025741
16025761
16025803
16025827
16025831
16025833
16025837
16025839
16025843
16025851
16025857
16025879
16025881
16025887
16025897
16025923
16025927
16025929
16025939
16025941
16025959
16025969
16026001
16026011
16026029
16026037
16026041
16026047
16026061
16026071
16026077
16026097
16026113
16026133
16026151
16026167
16026173
16026181
16026187
16026209
16026211
16026233
16026247
16026251
16026277
16026293
16026301
16026313
16026317
16026337
16026343
16026371
16026421
16026457
16026463
16026499
16026509
16026551
16026559
16026599
16026641
16026643
16026707
16026727
16026737
16026749
16026761
16026779
16026793
16026797
16026799
16026811
16026817
16026833
16026841
16026847
16026877
16026911
16026919
16026947
16026949
16026961
16026977
16026979
16026991
16027009
16027027
16027061
16027069
16027097
16027133
16027153
16027163
16027171
16027183
16027237
16027247
16027307
16027309
16027313
16027321
16027337
16027339
16027357
16027367
16027373
16027391
16027411
16027439
16027471
16027499
16027511
16027537
16027541
16027547
16027559
16027591
16027607
16027639
16027643
16027667
16027681
16027699
16027709
16027717
16027721
16027729
16027733
16027747
16027751
16027769
16027813
16027829
16027831
16027841
16027859
16027861
16027873
16027877
16027883
16027897
16027903
16027909
16027927
16027937
16027943
16027969
16027997
16028003
16028011
16028017
16028021
16028027
16028029
16028063
16028083
16028113
16028119
16028143
16028189
16028219
16028227
16028237
16028249
16028251
16028261
16028281
16028291
16028317
16028323
16028339
16028347
16028351
16028357
16028359
16028407
16028423
16028431
16028443
16028449
16028461
16028473
16028479
16028489
16028491
16028531
16028549
16028557
16028563
16028567
16028591
16028627
16028651
16028657
16028681
16028687
16028689
16028693
16028729
16028743
16028791
16028813
16028819
16028839
16028849
16028867
16028869
16028899
16028917
16028923
16028939
16028941
16028983
16028993
16029007
16029019
16029023
16029053
16029071
16029109
16029131
16029133
16029149
16029157
16029187
16029193
16029203
16029253
16029269
16029287
16029301
16029311
16029323
16029353
16029359
16029421
16029437
16029439
16029443
16029451
16029467
16029469
16029493
16029499
16029509
16029527
16029529
16029539
16029577
16029593
16029617
16029659
16029703
16029731
16029733
16029743
16029751
16029757
16029791
16029803
16029809
16029823
16029859
16029877
16029907
16029913
16029931
16029941
16029947
16029967
16029971
16029973
16030019
16030037
16030051
16030073
16030081
16030097
16030111
16030121
16030141
16030151
16030153
16030169
16030177
16030211
16030237
16030253
16030279
16030291
16030307
16030349
16030351
16030367
16030381
16030393
1603